data/DA_ET/DA_ET_3/DA_Ensemble/cathy_36/prepro/dtm_A_inflow
north:     0
south:           0.00000000
east:      0
west:            0.00000000
rows:     20
cols:     20
[rows 0 to 19 of 20, columns 0 to 19 of 20]
0.00 0.00 0.00 0.00 0.00 0.00 0.00 0.00 0.00 0.00 0.00 0.00 0.00 0.00 0.00 0.00 0.00 0.00 0.00 0.00
0.00 0.75 0.25 0.25 0.25 0.25 0.25 0.25 0.25 0.25 0.25 0.25 0.25 0.25 0.25 0.25 0.25 0.25 0.25 0.25
0.00 0.25 2.00 0.50 0.50 0.50 0.50 0.50 0.50 0.50 0.50 0.50 0.50 0.50 0.50 0.50 0.50 0.50 0.50 0.50
0.00 0.25 0.50 3.75 0.75 0.75 0.75 0.75 0.75 0.75 0.75 0.75 0.75 0.75 0.75 0.75 0.75 0.75 0.75 0.75
0.00 0.25 0.50 0.75 6.00 1.00 1.00 1.00 1.00 1.00 1.00 1.00 1.00 1.00 1.00 1.00 1.00 1.00 1.00 1.00
0.00 0.25 0.50 0.75 1.00 8.75 1.25 1.25 1.25 1.25 1.25 1.25 1.25 1.25 1.25 1.25 1.25 1.25 1.25 1.25
0.00 0.25 0.50 0.75 1.00 1.25 12.00 1.50 1.50 1.50 1.50 1.50 1.50 1.50 1.50 1.50 1.50 1.50 1.50 1.50
0.00 0.25 0.50 0.75 1.00 1.25 1.50 15.75 1.75 1.75 1.75 1.75 1.75 1.75 1.75 1.75 1.75 1.75 1.75 1.75
0.00 0.25 0.50 0.75 1.00 1.25 1.50 1.75 20.00 2.00 2.00 2.00 2.00 2.00 2.00 2.00 2.00 2.00 2.00 2.00
0.00 0.25 0.50 0.75 1.00 1.25 1.50 1.75 2.00 24.75 2.25 2.25 2.25 2.25 2.25 2.25 2.25 2.25 2.25 2.25
0.00 0.25 0.50 0.75 1.00 1.25 1.50 1.75 2.00 2.25 30.00 2.50 2.50 2.50 2.50 2.50 2.50 2.50 2.50 2.50
0.00 0.25 0.50 0.75 1.00 1.25 1.50 1.75 2.00 2.25 2.50 35.75 2.75 2.75 2.75 2.75 2.75 2.75 2.75 2.75
0.00 0.25 0.50 0.75 1.00 1.25 1.50 1.75 2.00 2.25 2.50 2.75 42.00 3.00 3.00 3.00 3.00 3.00 3.00 3.00
0.00 0.25 0.50 0.75 1.00 1.25 1.50 1.75 2.00 2.25 2.50 2.75 3.00 48.75 3.25 3.25 3.25 3.25 3.25 3.25
0.00 0.25 0.50 0.75 1.00 1.25 1.50 1.75 2.00 2.25 2.50 2.75 3.00 3.25 56.00 3.50 3.50 3.50 3.50 3.50
0.00 0.25 0.50 0.75 1.00 1.25 1.50 1.75 2.00 2.25 2.50 2.75 3.00 3.25 3.50 63.75 3.75 3.75 3.75 3.75
0.00 0.25 0.50 0.75 1.00 1.25 1.50 1.75 2.00 2.25 2.50 2.75 3.00 3.25 3.50 3.75 72.00 4.00 4.00 4.00
0.00 0.25 0.50 0.75 1.00 1.25 1.50 1.75 2.00 2.25 2.50 2.75 3.00 3.25 3.50 3.75 4.00 80.75 4.25 4.25
0.00 0.25 0.50 0.75 1.00 1.25 1.50 1.75 2.00 2.25 2.50 2.75 3.00 3.25 3.50 3.75 4.00 4.25 90.00 4.50
0.00 0.25 0.50 0.75 1.00 1.25 1.50 1.75 2.00 2.25 2.50 2.75 3.00 3.25 3.50 3.75 4.00 4.25 4.50 99.75
